abc456
123789123456
123789123456
123789123456
123789123456
123789123456
123789123456
123789123456
123789123456
123789123456
123789123456
123789123456
123789123456
123789123456
123789123456
123789123456
123789123456
123789123456
123789123456
123789123456
123789123456
123789123456
123789123456
123789123456
123789123456
123789123456
123789123456
123789123456
123789123456
123789123456
123789123456
123789123456
123789123456
123789123456
123789123456
123789123456
123789123456
123789123456
123789123456
123789123456
123789123456
123789123456
123789123456
123789123456
123789123456
123789123456
123789123456
123789123456
123789123456
123789123456
123789123456
123789123456
123789123456
123789123456
123789123456
123789123456
123789123456
123789123456
123789123456
123789123456
123789123456
123789123456
123789123456
123789123456
123789123456
123789123456
123789123456
123789123456
123789123456
123789123456
123789123456
123789123456
123789123456
123789123456
123789123456
123789123456
123789123456
123789123456
123789123456
123789123456
123789123456
123789123456
123789123456
123789123456
123789123456
123789123456
123789123456
123789123456
123789123456
123789123456
123789123456
123789123456
123789123456
123789123456
123789123456
123789123456
123789123456
123789123456
123789123456
123789123456
123789123456
123789
123456
